100
4 2
5 2
6 2
1000 1000
1000 1
467169 452895
500000 2
816687 732872
999999 499998
500000 249999
500000 131071
1 1
999999 262144
999999 476131
626280 496755
515758 428411
521075 397812
936990 885904
1000000 262144
1000000 475712
500000 262143
999999 475712
566053 544515
508940 400952
544588 427468
1000000 475713
3 2
500000 237856
500000 229347
3 1
999999 127
500000 249998
500000 127
1000000 500000
981841 749815
278093 268727
898879 848168
779692 692012
660578 653773
364406 357254
500000 241892
500000 262144
951934 890542
570178 512973
999999 999999
383300 289870
516795 403965
999999 2
999999 499999
999999 524288
1000000 262143
300086 259924
500000 128
500000 500000
500000 131072
358335 275290
2 2
436559 340867
500000 499999
1000000 2
592157 457661
1000000 128
455337 382608
500000 237857
5 1
1000000 1
773710 647436
1000000 524287
282917 253750
1000000 499998
359310 283886
999999 999998
1000000 513645
955156 927114
1000000 426049
330827 280542
1000000 127
632406 578537
999999 1
1000000 524288
332641 267317
999999 524287
865075 752892
439331 426303
1000000 499999
999999 304677
518376 402050
999999 475711
897444 890105
999999 262143
2 1
500000 1
4 1
999999 128
281138 248059
999999 499997
1000000 1000000
1000000 999999
337472 293099
500000 250000
